%YAML:1.0
---
CameraExtrinsicMat: !!opencv-matrix
   rows: 4
   cols: 4
   dt: d
   data: [ 7.7489762999325418e-02, -1.5474423804288068e-01,
       9.8491093882789049e-01, -1.6313382529348088e+00,
       -9.9193509111836953e-01, 8.7417196997062074e-02,
       9.1776950685718006e-02, -6.8278366766613141e-02,
       -1.0030010786783944e-01, -9.8407949600715949e-01,
       -1.4672230198573999e-01, 1.3509894259717556e+00, 0., 0., 0., 1. ]
CameraMat: !!opencv-matrix
   rows: 3
   cols: 3
   dt: d
   data: [ 1.2123364039628893e+03, 0., 7.3356989895379320e+02, 0.,
       1.2067281918401040e+03, 6.1888290521450563e+02, 0., 0., 1. ]
DistCoeff: !!opencv-matrix
   rows: 1
   cols: 5
   dt: d
   data: [ -1.6696258062638117e-01, 8.1860005881057762e-01,
       -3.4991125703443364e-03, -2.3944263488253829e-03,
       -1.9937788347228935e+00 ]
ImageSize: [ 1440, 1080 ]
ReprojectionError: 5.2895421808764653e-01
