# %YAML:1.0
# ---
CameraExtrinsicMat: #!!opencv-matrix
   rows: 4
   cols: 4
   dt: d
   data: [ 1, 0,
       0, -1.6335375153791636e+00,
       0, 1,
       0, -1.6751277919713002e-02,
       0, 0,
       1, 9.0215871060237829e-01, 0., 0., 0., 1. ]
CameraMat: #!!opencv-matrix
   rows: 3
   cols: 3
   dt: d
   data: [ 1.1993244045276992e+03, 0., 7.4078138066109909e+02, 0.,
       1.1934369157666438e+03, 6.1661492433616911e+02, 0., 0., 1. ]
DistCoeff: #!!opencv-matrix
   rows: 1
   cols: 5
   dt: d
   data: [ -2.1947957853510386e-01, 1.1585027887665502e+00,
       -9.2980315543776052e-04, 9.4051654407533900e-04,
       -3.2432905863273160e+00 ]
ImageSize: [ 1440, 1080 ]
ReprojectionError: 4.8294265111447898e-01
